214469.0000
214472.0000
214447.0000
214471.0000
214450.0000
214486.0000
214454.0000
214552.0000
214513.0000
214471.0000
214408.0000
214531.0000
214446.0000
214461.0000
214406.0000
214499.0000
214482.0000
214430.0000
214407.0000
214396.0000
214403.0000
214503.0000
214465.0000
214437.0000
214438.0000
214441.0000
214436.0000
214400.0000
214432.0000
214463.0000
214420.0000
214455.0000
214522.0000
214417.0000
214509.0000
214492.0000
214430.0000
214484.0000
214419.0000
214501.0000
214418.0000
214465.0000
214466.0000
214442.0000
214473.0000
214475.0000
214467.0000
214466.0000
214440.0000
214427.0000
214397.0000
214445.0000
214508.0000
214425.0000
214413.0000
214537.0000
214479.0000
214348.0000
214463.0000
214505.0000
214458.0000
214394.0000
214441.0000
214461.0000
214488.0000
214426.0000
214400.0000
214482.0000
214470.0000
214382.0000
214431.0000
214440.0000
214440.0000
214487.0000
214470.0000
214491.0000
214451.0000
214408.0000
214443.0000
214401.0000
214437.0000
214448.0000
214424.0000
214429.0000
214371.0000
214426.0000
214459.0000
214417.0000
214483.0000
214463.0000
214372.0000
214529.0000
214423.0000
214392.0000
214535.0000
214407.0000
214398.0000
214347.0000
214404.0000
214554.0000
214443.0000
214422.0000
16777215.0000
214329.0000
214319.0000
214403.0000
214375.0000
214387.0000
214405.0000
214458.0000
214378.0000
214472.0000
214449.0000
214411.0000
214390.0000
214431.0000
214440.0000
214511.0000
214444.0000
214426.0000
214421.0000
214450.0000
214416.0000
214354.0000
214432.0000
214392.0000
214404.0000
214410.0000
214432.0000
214420.0000
214487.0000
214334.0000
214438.0000
214413.0000
214422.0000
214512.0000
214400.0000
214372.0000
214464.0000
214451.0000
214377.0000
214462.0000
214390.0000
214404.0000
214452.0000
214387.0000
214411.0000
214502.0000
214416.0000
214489.0000
214421.0000
214370.0000
214345.0000
214445.0000
214399.0000
214388.0000
214435.0000
214362.0000
214456.0000
214415.0000
214439.0000
214476.0000
214373.0000
214512.0000
214433.0000
214400.0000
214480.0000
214404.0000
214478.0000
214363.0000
214377.0000
214367.0000
214470.0000
214455.0000
214373.0000
214437.0000
214465.0000
214495.0000
214461.0000
214369.0000
214392.0000
214431.0000
214404.0000
214399.0000
214400.0000
214454.0000
214426.0000
214433.0000
214428.0000
214415.0000
214386.0000
214352.0000
214375.0000
214362.0000
214408.0000
214423.0000
214347.0000
214380.0000
214377.0000
214485.0000
214457.0000
214413.0000
214458.0000
214481.0000
214420.0000
214424.0000
214462.0000
214461.0000
214459.0000
214444.0000
214399.0000
214382.0000
214398.0000
214417.0000
214385.0000
214448.0000
214456.0000
214367.0000
214385.0000
214469.0000
214311.0000
214523.0000
214381.0000
214405.0000
214405.0000
214374.0000
214431.0000
214400.0000
214381.0000
214488.0000
214466.0000
214432.0000
214354.0000
214419.0000
214466.0000
214481.0000
214464.0000
214407.0000
214462.0000
214459.0000
214429.0000
214357.0000
214379.0000
214456.0000
214412.0000
214405.0000
214375.0000
214339.0000
214413.0000
214460.0000
214429.0000
214365.0000
214388.0000
214452.0000
214411.0000
214407.0000
214339.0000
214400.0000
214349.0000
214477.0000
214382.0000
214363.0000
214382.0000
214395.0000
214365.0000
214459.0000
214415.0000
214334.0000
214441.0000
214394.0000
214365.0000
214367.0000
214434.0000
214384.0000
214352.0000
214347.0000
214419.0000
214438.0000
214393.0000
214399.0000
214298.0000
214349.0000
214363.0000
214358.0000
214384.0000
214477.0000
214366.0000
214404.0000
214396.0000
214391.0000
214345.0000
214373.0000
214482.0000
214369.0000
214378.0000
214420.0000
214396.0000
214415.0000
214362.0000
214350.0000
214391.0000
214370.0000
214479.0000
214340.0000
214335.0000
214490.0000
214441.0000
214429.0000
214445.0000
214331.0000
214386.0000
214396.0000
214420.0000
214385.0000
214425.0000
214413.0000
214358.0000
214316.0000
214465.0000
214336.0000
214362.0000
214425.0000
214356.0000
214388.0000
214376.0000
214363.0000
214385.0000
214395.0000
214351.0000
214353.0000
214344.0000
214342.0000
214332.0000
214515.0000
214459.0000
214364.0000
214426.0000
214372.0000
214405.0000
214498.0000
214429.0000
214466.0000
214421.0000
214370.0000
214527.0000
214395.0000
214374.0000
214378.0000
214381.0000
214350.0000
214443.0000
214441.0000
214388.0000
214413.0000
214357.0000
214393.0000
214322.0000
214514.0000
214316.0000
214367.0000
214456.0000
214400.0000
214415.0000
214417.0000
214330.0000
214450.0000
214398.0000
214415.0000
214333.0000
214425.0000
214417.0000
214327.0000
214347.0000
214430.0000
214463.0000
214340.0000
214436.0000
214356.0000
214306.0000
214414.0000
214358.0000
214447.0000
214410.0000
214391.0000
214366.0000
214438.0000
214312.0000
214391.0000
214398.0000
214402.0000
214409.0000
214444.0000
214361.0000
214371.0000
214296.0000
214378.0000
214310.0000
214410.0000
214338.0000
214465.0000
214394.0000
214358.0000
214315.0000
214366.0000
214415.0000
214354.0000
214460.0000
214402.0000
214455.0000
214374.0000
214301.0000
214311.0000
214279.0000
214319.0000
214356.0000
214370.0000
214425.0000
214350.0000
214388.0000
214337.0000
214359.0000
214400.0000
214459.0000
214313.0000
214379.0000
214384.0000
214287.0000
214419.0000
214319.0000
214383.0000
214322.0000
214351.0000
214349.0000
214382.0000
214483.0000
214345.0000
214485.0000
214243.0000
214320.0000
214405.0000
214285.0000
214395.0000
214388.0000
214340.0000
214358.0000
214330.0000
214338.0000
214372.0000
214350.0000
214307.0000
214323.0000
214400.0000
214340.0000
214237.0000
214310.0000
214342.0000
214331.0000
214389.0000
214458.0000
214331.0000
214317.0000
214386.0000
214398.0000
214294.0000
214406.0000
214320.0000
214347.0000
214365.0000
214335.0000
214354.0000
214273.0000
214269.0000
214448.0000
214376.0000
214272.0000
214334.0000
214412.0000
214409.0000
214387.0000
214378.0000
214323.0000
214309.0000
214308.0000
214296.0000
214325.0000
214261.0000
214311.0000
214350.0000
214393.0000
214337.0000
214376.0000
214433.0000
214225.0000
214325.0000
214328.0000
214257.0000
214400.0000
214367.0000
214363.0000
214374.0000
