2.141670000000000000e+05
2.141980000000000000e+05
2.142360000000000000e+05
2.142560000000000000e+05
2.142350000000000000e+05
2.143250000000000000e+05
2.141830000000000000e+05
2.142430000000000000e+05
2.141740000000000000e+05
2.141680000000000000e+05
2.143090000000000000e+05
2.142210000000000000e+05
2.142010000000000000e+05
2.142120000000000000e+05
2.142530000000000000e+05
2.142610000000000000e+05
2.141970000000000000e+05
2.141140000000000000e+05
2.142950000000000000e+05
2.142300000000000000e+05
2.142000000000000000e+05
2.141870000000000000e+05
2.141950000000000000e+05
2.142650000000000000e+05
2.141620000000000000e+05
2.142160000000000000e+05
2.142360000000000000e+05
2.142330000000000000e+05
2.142420000000000000e+05
2.142030000000000000e+05
2.142000000000000000e+05
2.141920000000000000e+05
2.141620000000000000e+05
2.142460000000000000e+05
2.142120000000000000e+05
2.142380000000000000e+05
2.142180000000000000e+05
2.142410000000000000e+05
2.142790000000000000e+05
2.143060000000000000e+05
2.142520000000000000e+05
2.142640000000000000e+05
2.142360000000000000e+05
2.142490000000000000e+05
2.142720000000000000e+05
2.142350000000000000e+05
2.142060000000000000e+05
2.143390000000000000e+05
2.141930000000000000e+05
2.142130000000000000e+05
2.142150000000000000e+05
2.142300000000000000e+05
2.141640000000000000e+05
2.141870000000000000e+05
2.141910000000000000e+05
2.142150000000000000e+05
2.142220000000000000e+05
2.142120000000000000e+05
2.142220000000000000e+05
2.142360000000000000e+05
2.142320000000000000e+05
2.141960000000000000e+05
2.141870000000000000e+05
2.142960000000000000e+05
2.142880000000000000e+05
2.141990000000000000e+05
2.143230000000000000e+05
2.141830000000000000e+05
2.142570000000000000e+05
2.142400000000000000e+05
2.142150000000000000e+05
2.143000000000000000e+05
2.143040000000000000e+05
2.142860000000000000e+05
2.143340000000000000e+05
2.142870000000000000e+05
2.142230000000000000e+05
2.141350000000000000e+05
2.142340000000000000e+05
2.143250000000000000e+05
2.141630000000000000e+05
2.142250000000000000e+05
2.141580000000000000e+05
2.142820000000000000e+05
2.142040000000000000e+05
2.142040000000000000e+05
2.142830000000000000e+05
2.142540000000000000e+05
2.142070000000000000e+05
2.142100000000000000e+05
2.141270000000000000e+05
2.142350000000000000e+05
2.142260000000000000e+05
2.141430000000000000e+05
2.141930000000000000e+05
2.143110000000000000e+05
2.142490000000000000e+05
2.142550000000000000e+05
2.142870000000000000e+05
2.141910000000000000e+05
2.142490000000000000e+05
2.141350000000000000e+05
2.142170000000000000e+05
2.142140000000000000e+05
2.142000000000000000e+05
2.143260000000000000e+05
2.142510000000000000e+05
2.142610000000000000e+05
2.142880000000000000e+05
2.142980000000000000e+05
2.142310000000000000e+05
2.142340000000000000e+05
1.677721500000000000e+07
2.142270000000000000e+05
2.142350000000000000e+05
2.142010000000000000e+05
2.142740000000000000e+05
2.142750000000000000e+05
2.142200000000000000e+05
2.141770000000000000e+05
2.142580000000000000e+05
2.142710000000000000e+05
2.143000000000000000e+05
2.142420000000000000e+05
2.142450000000000000e+05
2.141330000000000000e+05
2.142440000000000000e+05
2.141540000000000000e+05
2.141870000000000000e+05
2.142610000000000000e+05
2.142880000000000000e+05
2.141940000000000000e+05
2.142650000000000000e+05
2.141660000000000000e+05
2.142410000000000000e+05
2.142590000000000000e+05
2.142280000000000000e+05
2.142020000000000000e+05
2.142780000000000000e+05
2.142000000000000000e+05
2.142210000000000000e+05
2.142900000000000000e+05
2.142530000000000000e+05
2.141780000000000000e+05
2.141870000000000000e+05
2.142650000000000000e+05
2.142640000000000000e+05
2.141200000000000000e+05
2.142130000000000000e+05
2.141960000000000000e+05
2.141740000000000000e+05
2.142390000000000000e+05
2.142670000000000000e+05
2.141490000000000000e+05
2.142070000000000000e+05
2.142020000000000000e+05
2.141690000000000000e+05
2.142240000000000000e+05
2.142350000000000000e+05
2.141780000000000000e+05
2.142830000000000000e+05
2.142480000000000000e+05
2.141850000000000000e+05
2.143750000000000000e+05
2.142650000000000000e+05
2.142220000000000000e+05
2.142160000000000000e+05
2.141480000000000000e+05
2.141910000000000000e+05
2.141710000000000000e+05
2.142450000000000000e+05
2.142030000000000000e+05
2.142010000000000000e+05
2.141900000000000000e+05
2.143060000000000000e+05
2.141690000000000000e+05
2.141820000000000000e+05
2.142360000000000000e+05
2.142870000000000000e+05
2.143520000000000000e+05
2.141590000000000000e+05
2.142420000000000000e+05
2.141420000000000000e+05
2.142570000000000000e+05
2.141850000000000000e+05
2.142990000000000000e+05
2.142930000000000000e+05
2.142180000000000000e+05
2.142190000000000000e+05
2.142040000000000000e+05
2.141950000000000000e+05
2.141950000000000000e+05
2.141960000000000000e+05
2.141880000000000000e+05
2.141480000000000000e+05
2.141740000000000000e+05
2.142410000000000000e+05
2.142200000000000000e+05
2.141810000000000000e+05
2.142140000000000000e+05
2.142060000000000000e+05
2.142220000000000000e+05
2.142020000000000000e+05
2.142920000000000000e+05
2.141990000000000000e+05
2.142810000000000000e+05
2.142130000000000000e+05
2.141660000000000000e+05
2.142860000000000000e+05
2.142590000000000000e+05
2.141960000000000000e+05
2.142210000000000000e+05
2.142650000000000000e+05
2.141710000000000000e+05
2.141990000000000000e+05
2.142700000000000000e+05
2.141810000000000000e+05
2.142290000000000000e+05
2.142640000000000000e+05
2.142130000000000000e+05
2.142580000000000000e+05
2.141560000000000000e+05
2.142090000000000000e+05
2.142910000000000000e+05
2.142060000000000000e+05
2.142800000000000000e+05
2.142340000000000000e+05
2.142910000000000000e+05
2.142540000000000000e+05
2.142810000000000000e+05
2.142120000000000000e+05
2.142150000000000000e+05
2.143010000000000000e+05
2.142170000000000000e+05
2.142210000000000000e+05
2.143540000000000000e+05
2.142460000000000000e+05
2.142240000000000000e+05
2.142210000000000000e+05
2.142110000000000000e+05
2.142430000000000000e+05
2.142730000000000000e+05
2.141920000000000000e+05
2.141970000000000000e+05
2.142350000000000000e+05
2.142020000000000000e+05
2.142420000000000000e+05
2.142430000000000000e+05
2.142240000000000000e+05
2.141850000000000000e+05
2.141960000000000000e+05
2.142370000000000000e+05
2.141740000000000000e+05
2.142610000000000000e+05
2.142300000000000000e+05
2.142150000000000000e+05
2.141590000000000000e+05
2.142820000000000000e+05
2.142150000000000000e+05
2.142670000000000000e+05
2.142180000000000000e+05
2.141950000000000000e+05
2.143500000000000000e+05
2.141920000000000000e+05
2.142320000000000000e+05
2.142260000000000000e+05
2.141520000000000000e+05
2.142040000000000000e+05
2.142250000000000000e+05
2.141830000000000000e+05
2.141340000000000000e+05
2.141790000000000000e+05
2.141840000000000000e+05
2.142830000000000000e+05
2.141680000000000000e+05
2.142400000000000000e+05
2.143600000000000000e+05
2.141880000000000000e+05
2.141740000000000000e+05
2.142150000000000000e+05
2.142840000000000000e+05
2.142520000000000000e+05
2.141960000000000000e+05
2.141770000000000000e+05
2.141980000000000000e+05
2.141780000000000000e+05
2.141640000000000000e+05
2.142450000000000000e+05
2.141600000000000000e+05
1.677721500000000000e+07
2.141690000000000000e+05
2.142350000000000000e+05
2.142210000000000000e+05
2.142510000000000000e+05
2.142480000000000000e+05
2.142060000000000000e+05
2.142830000000000000e+05
2.142890000000000000e+05
2.142560000000000000e+05
2.141860000000000000e+05
2.141460000000000000e+05
2.141390000000000000e+05
2.142540000000000000e+05
2.142350000000000000e+05
2.142250000000000000e+05
2.143350000000000000e+05
2.142380000000000000e+05
2.142110000000000000e+05
2.142430000000000000e+05
2.142310000000000000e+05
2.142820000000000000e+05
2.142440000000000000e+05
2.142250000000000000e+05
2.141770000000000000e+05
2.142190000000000000e+05
2.141910000000000000e+05
2.142600000000000000e+05
2.142800000000000000e+05
2.141770000000000000e+05
2.142130000000000000e+05
2.143090000000000000e+05
2.141870000000000000e+05
2.142390000000000000e+05
2.141290000000000000e+05
2.141570000000000000e+05
2.141880000000000000e+05
2.141930000000000000e+05
2.142640000000000000e+05
2.142660000000000000e+05
2.141290000000000000e+05
2.141870000000000000e+05
2.141420000000000000e+05
2.142160000000000000e+05
2.142660000000000000e+05
2.142310000000000000e+05
2.142240000000000000e+05
2.142060000000000000e+05
2.143770000000000000e+05
2.141480000000000000e+05
2.142250000000000000e+05
2.142210000000000000e+05
2.142960000000000000e+05
2.142870000000000000e+05
2.141610000000000000e+05
2.142830000000000000e+05
2.141900000000000000e+05
2.141440000000000000e+05
2.142420000000000000e+05
2.142640000000000000e+05
2.142200000000000000e+05
2.142050000000000000e+05
2.141770000000000000e+05
2.142020000000000000e+05
2.141850000000000000e+05
2.142320000000000000e+05
2.141720000000000000e+05
2.142240000000000000e+05
2.141970000000000000e+05
2.142030000000000000e+05
2.142100000000000000e+05
2.141880000000000000e+05
2.142610000000000000e+05
2.142260000000000000e+05
2.142150000000000000e+05
2.142300000000000000e+05
2.142240000000000000e+05
2.142470000000000000e+05
2.142100000000000000e+05
2.142730000000000000e+05
2.142560000000000000e+05
2.141480000000000000e+05
2.142170000000000000e+05
2.142660000000000000e+05
2.142530000000000000e+05
2.142280000000000000e+05
2.142280000000000000e+05
2.142210000000000000e+05
2.142920000000000000e+05
2.142420000000000000e+05
2.142380000000000000e+05
2.142050000000000000e+05
2.142390000000000000e+05
2.142500000000000000e+05
2.142680000000000000e+05
2.142260000000000000e+05
2.142710000000000000e+05
2.141880000000000000e+05
2.141790000000000000e+05
2.141790000000000000e+05
2.141970000000000000e+05
2.142150000000000000e+05
2.142540000000000000e+05
2.141240000000000000e+05
2.142160000000000000e+05
2.142400000000000000e+05
2.142400000000000000e+05
2.141680000000000000e+05
2.143020000000000000e+05
2.142630000000000000e+05
2.142390000000000000e+05
2.143300000000000000e+05
2.142730000000000000e+05
2.141220000000000000e+05
2.142020000000000000e+05
2.142300000000000000e+05
2.141380000000000000e+05
2.141970000000000000e+05
2.142700000000000000e+05
2.141540000000000000e+05
2.142940000000000000e+05
2.142420000000000000e+05
2.142030000000000000e+05
2.141990000000000000e+05
2.142760000000000000e+05
2.141390000000000000e+05
2.141990000000000000e+05
2.142120000000000000e+05
2.142400000000000000e+05
2.141660000000000000e+05
2.141760000000000000e+05
2.142620000000000000e+05
2.142710000000000000e+05
2.143340000000000000e+05
2.142460000000000000e+05
2.142510000000000000e+05
2.142490000000000000e+05
2.141790000000000000e+05
2.141820000000000000e+05
2.142470000000000000e+05
2.141940000000000000e+05
2.141230000000000000e+05
2.141750000000000000e+05
2.142210000000000000e+05
2.142780000000000000e+05
2.142010000000000000e+05
2.141920000000000000e+05
2.142600000000000000e+05
2.142510000000000000e+05
2.142550000000000000e+05
2.141570000000000000e+05
2.141970000000000000e+05
2.143080000000000000e+05
2.141870000000000000e+05
2.142770000000000000e+05
2.142000000000000000e+05
2.141960000000000000e+05
2.142540000000000000e+05
2.141680000000000000e+05
2.142150000000000000e+05
2.142370000000000000e+05
2.143370000000000000e+05
2.142990000000000000e+05
2.142110000000000000e+05
2.141910000000000000e+05
2.142140000000000000e+05
2.141600000000000000e+05
2.141530000000000000e+05
2.141300000000000000e+05
2.142440000000000000e+05
2.141980000000000000e+05
2.141970000000000000e+05
2.141990000000000000e+05
2.141830000000000000e+05
2.142020000000000000e+05
2.142180000000000000e+05
2.141490000000000000e+05
2.142510000000000000e+05
2.142030000000000000e+05
2.142440000000000000e+05
2.142220000000000000e+05
2.142390000000000000e+05
2.141990000000000000e+05
2.141560000000000000e+05
2.141410000000000000e+05
2.142440000000000000e+05
2.142040000000000000e+05
2.141210000000000000e+05
2.141250000000000000e+05
2.142420000000000000e+05
2.141540000000000000e+05
2.141180000000000000e+05
2.141630000000000000e+05
2.142110000000000000e+05
2.141350000000000000e+05
2.141640000000000000e+05
2.140930000000000000e+05
2.141650000000000000e+05
2.141760000000000000e+05
2.141690000000000000e+05
2.141930000000000000e+05
2.141500000000000000e+05
2.142320000000000000e+05
2.142990000000000000e+05
2.142820000000000000e+05
2.141120000000000000e+05
2.142750000000000000e+05
2.141850000000000000e+05
2.142400000000000000e+05
2.141300000000000000e+05
2.141340000000000000e+05
