212178.0000
212288.0000
212241.0000
212244.0000
212257.0000
212273.0000
212165.0000
212260.0000
212265.0000
212204.0000
212193.0000
212208.0000
212158.0000
212280.0000
212208.0000
212224.0000
212213.0000
212275.0000
212219.0000
212213.0000
212252.0000
212228.0000
212238.0000
212265.0000
212243.0000
212208.0000
212257.0000
212206.0000
212218.0000
212275.0000
212250.0000
212304.0000
212272.0000
212252.0000
212257.0000
212293.0000
212279.0000
212247.0000
212262.0000
212257.0000
212202.0000
212240.0000
212260.0000
212244.0000
212256.0000
212221.0000
212271.0000
212282.0000
212219.0000
212268.0000
212270.0000
212206.0000
212242.0000
212268.0000
212278.0000
212317.0000
212260.0000
212172.0000
212261.0000
212287.0000
212255.0000
212240.0000
212299.0000
212267.0000
212164.0000
212257.0000
212202.0000
212206.0000
212275.0000
212213.0000
212227.0000
212255.0000
212210.0000
212294.0000
212188.0000
212217.0000
212192.0000
212305.0000
212230.0000
212282.0000
212309.0000
212185.0000
212281.0000
212282.0000
212231.0000
212222.0000
212231.0000
212256.0000
212209.0000
212203.0000
212243.0000
212197.0000
212249.0000
212299.0000
212219.0000
212245.0000
212282.0000
212267.0000
212268.0000
212318.0000
212247.0000
212239.0000
212240.0000
212270.0000
212220.0000
212247.0000
212209.0000
212288.0000
212272.0000
212242.0000
212205.0000
212205.0000
212278.0000
212201.0000
212244.0000
212213.0000
212247.0000
212202.0000
212206.0000
212273.0000
212253.0000
212204.0000
212195.0000
212281.0000
212228.0000
212200.0000
212310.0000
212210.0000
212212.0000
212231.0000
212241.0000
212219.0000
212250.0000
212239.0000
212199.0000
212230.0000
212309.0000
212241.0000
212237.0000
212202.0000
212246.0000
212147.0000
212253.0000
212228.0000
212202.0000
212234.0000
212247.0000
212238.0000
212231.0000
212236.0000
212191.0000
212259.0000
16777215.0000
212206.0000
212205.0000
212242.0000
212291.0000
212227.0000
212205.0000
212222.0000
212195.0000
212211.0000
212249.0000
212280.0000
212290.0000
212183.0000
212247.0000
212245.0000
212208.0000
212209.0000
212204.0000
212173.0000
212249.0000
212301.0000
212236.0000
212237.0000
212209.0000
212226.0000
212289.0000
212187.0000
212265.0000
212257.0000
212224.0000
212206.0000
212288.0000
212269.0000
212244.0000
212259.0000
212270.0000
212259.0000
212252.0000
212252.0000
212223.0000
212276.0000
212315.0000
212204.0000
212351.0000
212256.0000
212266.0000
212271.0000
212263.0000
212242.0000
212283.0000
212247.0000
212205.0000
212215.0000
212220.0000
212290.0000
212245.0000
212267.0000
212184.0000
212214.0000
212300.0000
212185.0000
212225.0000
212238.0000
212253.0000
212242.0000
212255.0000
212202.0000
212230.0000
212235.0000
212274.0000
212206.0000
212227.0000
212267.0000
212282.0000
212234.0000
212285.0000
212257.0000
212245.0000
212264.0000
212240.0000
212242.0000
212253.0000
212221.0000
212251.0000
212258.0000
212239.0000
212222.0000
212252.0000
212222.0000
212303.0000
212257.0000
212248.0000
212233.0000
212250.0000
212283.0000
212253.0000
212236.0000
212255.0000
212233.0000
212257.0000
212246.0000
212264.0000
212253.0000
212212.0000
212184.0000
212252.0000
212202.0000
212265.0000
212264.0000
212291.0000
212265.0000
212251.0000
212306.0000
212234.0000
212295.0000
212289.0000
212262.0000
212220.0000
212213.0000
212272.0000
212289.0000
212264.0000
212200.0000
212247.0000
212247.0000
212287.0000
212308.0000
212246.0000
212281.0000
212200.0000
212285.0000
212264.0000
212227.0000
212268.0000
212205.0000
212209.0000
212308.0000
212215.0000
212261.0000
212259.0000
212177.0000
212309.0000
212267.0000
212239.0000
212212.0000
212224.0000
212279.0000
212236.0000
212226.0000
212247.0000
212192.0000
212262.0000
212235.0000
212237.0000
212234.0000
212267.0000
212247.0000
212214.0000
212275.0000
212183.0000
212302.0000
212288.0000
212254.0000
212209.0000
212285.0000
212286.0000
212309.0000
212268.0000
212252.0000
212242.0000
212222.0000
212191.0000
212238.0000
212238.0000
212285.0000
212222.0000
212251.0000
212209.0000
212305.0000
212288.0000
212337.0000
212246.0000
212228.0000
212192.0000
212254.0000
212341.0000
212215.0000
212222.0000
212246.0000
212249.0000
212287.0000
212299.0000
212237.0000
212220.0000
212247.0000
212248.0000
212280.0000
212230.0000
212249.0000
212239.0000
212242.0000
212220.0000
212231.0000
212249.0000
212259.0000
212221.0000
212206.0000
212273.0000
212243.0000
212178.0000
212279.0000
212269.0000
212261.0000
212288.0000
212297.0000
212227.0000
212285.0000
212279.0000
212225.0000
212280.0000
212217.0000
212256.0000
212195.0000
212225.0000
212222.0000
212263.0000
212210.0000
212232.0000
212228.0000
212267.0000
212260.0000
212268.0000
212299.0000
212287.0000
212254.0000
212248.0000
212209.0000
212244.0000
212227.0000
212257.0000
212208.0000
212208.0000
212243.0000
212289.0000
212225.0000
212252.0000
212308.0000
212255.0000
212283.0000
212230.0000
212299.0000
212171.0000
212294.0000
212295.0000
212245.0000
212242.0000
212266.0000
212255.0000
212242.0000
212317.0000
212293.0000
212263.0000
212245.0000
212281.0000
212277.0000
212243.0000
212246.0000
212249.0000
212256.0000
212291.0000
212260.0000
212237.0000
212290.0000
212228.0000
212235.0000
212311.0000
212234.0000
212282.0000
212300.0000
212258.0000
212284.0000
212266.0000
212233.0000
212290.0000
212263.0000
212316.0000
212214.0000
212216.0000
212181.0000
212253.0000
212211.0000
212251.0000
212229.0000
212210.0000
212289.0000
212276.0000
16777215.0000
212193.0000
212250.0000
212315.0000
212280.0000
212185.0000
212219.0000
212264.0000
212256.0000
212181.0000
212235.0000
212242.0000
212258.0000
212260.0000
212243.0000
212257.0000
212238.0000
212256.0000
212263.0000
212306.0000
212252.0000
212272.0000
212253.0000
212264.0000
212301.0000
212210.0000
212223.0000
212240.0000
212240.0000
212233.0000
212168.0000
212231.0000
212241.0000
212186.0000
212252.0000
212251.0000
212252.0000
212186.0000
212276.0000
212227.0000
212209.0000
212290.0000
212261.0000
212248.0000
212261.0000
212263.0000
212222.0000
212245.0000
212315.0000
212253.0000
212222.0000
