212552.0000
212516.0000
212518.0000
212540.0000
212516.0000
212499.0000
212546.0000
212428.0000
212471.0000
212484.0000
212502.0000
212525.0000
212481.0000
212473.0000
212502.0000
212476.0000
212527.0000
212516.0000
212533.0000
212511.0000
212528.0000
212458.0000
212513.0000
212485.0000
212488.0000
212508.0000
212541.0000
212558.0000
212512.0000
212516.0000
212528.0000
212552.0000
212546.0000
212487.0000
212490.0000
212548.0000
212469.0000
212501.0000
212485.0000
212468.0000
212497.0000
212489.0000
212483.0000
212510.0000
212453.0000
212536.0000
212523.0000
212501.0000
212519.0000
212482.0000
212539.0000
212523.0000
212509.0000
212556.0000
212483.0000
212565.0000
212468.0000
212512.0000
212496.0000
212473.0000
212508.0000
212445.0000
212500.0000
212496.0000
212541.0000
212517.0000
212454.0000
212526.0000
212498.0000
212480.0000
212464.0000
212485.0000
212486.0000
212504.0000
212463.0000
212460.0000
212476.0000
212501.0000
212529.0000
212482.0000
212501.0000
212460.0000
212467.0000
212500.0000
212513.0000
212492.0000
212548.0000
212479.0000
212420.0000
212502.0000
212463.0000
212565.0000
212513.0000
212444.0000
212504.0000
212516.0000
212530.0000
212458.0000
212441.0000
212471.0000
212496.0000
212543.0000
212455.0000
212518.0000
212533.0000
212520.0000
212523.0000
212496.0000
212495.0000
212497.0000
212517.0000
212495.0000
212518.0000
212435.0000
212478.0000
212509.0000
212458.0000
212456.0000
212510.0000
212506.0000
212474.0000
212449.0000
212452.0000
212517.0000
212502.0000
212539.0000
212420.0000
212455.0000
212517.0000
212447.0000
212511.0000
212527.0000
212448.0000
212496.0000
212429.0000
212452.0000
212531.0000
212472.0000
212516.0000
212481.0000
212510.0000
212508.0000
212491.0000
212509.0000
212471.0000
212537.0000
212537.0000
212519.0000
212474.0000
212518.0000
212556.0000
212546.0000
212492.0000
212535.0000
212498.0000
212493.0000
212509.0000
212489.0000
212543.0000
212481.0000
212470.0000
212473.0000
212532.0000
212418.0000
212526.0000
212483.0000
212493.0000
212483.0000
212474.0000
212514.0000
212535.0000
212492.0000
212516.0000
212436.0000
212544.0000
212546.0000
212489.0000
212530.0000
212499.0000
212460.0000
212496.0000
212454.0000
212479.0000
212492.0000
212448.0000
212495.0000
212515.0000
212416.0000
212470.0000
212447.0000
212431.0000
212470.0000
212514.0000
212524.0000
212534.0000
212447.0000
212426.0000
212427.0000
212513.0000
212495.0000
212468.0000
212444.0000
212459.0000
212463.0000
212474.0000
212464.0000
212525.0000
212493.0000
212407.0000
212431.0000
212430.0000
212471.0000
212465.0000
212513.0000
212427.0000
212487.0000
212471.0000
212467.0000
212482.0000
212458.0000
212467.0000
212450.0000
212394.0000
212442.0000
212514.0000
212495.0000
212511.0000
212436.0000
212463.0000
212449.0000
212445.0000
212476.0000
212451.0000
212487.0000
212433.0000
212413.0000
212469.0000
212501.0000
212492.0000
212463.0000
212513.0000
212435.0000
212406.0000
212451.0000
212466.0000
212512.0000
212406.0000
212436.0000
212481.0000
212432.0000
212472.0000
212492.0000
212529.0000
212500.0000
212454.0000
212438.0000
212496.0000
212453.0000
212442.0000
212466.0000
212520.0000
212501.0000
212473.0000
212458.0000
212477.0000
212440.0000
212429.0000
212443.0000
212451.0000
212454.0000
212479.0000
212424.0000
212485.0000
212529.0000
212415.0000
212527.0000
212440.0000
16777208.0000
212502.0000
212451.0000
212440.0000
212481.0000
212484.0000
212500.0000
212420.0000
212453.0000
212490.0000
212433.0000
212458.0000
212464.0000
212461.0000
212469.0000
212479.0000
212464.0000
212414.0000
212453.0000
212418.0000
212500.0000
212510.0000
212466.0000
212478.0000
212377.0000
212500.0000
212424.0000
212416.0000
212390.0000
212495.0000
212423.0000
212488.0000
212425.0000
212481.0000
212431.0000
212474.0000
212414.0000
212463.0000
212422.0000
212450.0000
212439.0000
212478.0000
212420.0000
212478.0000
212425.0000
212429.0000
212444.0000
212424.0000
212411.0000
212411.0000
212398.0000
212514.0000
212429.0000
212429.0000
212416.0000
212462.0000
212429.0000
212445.0000
212419.0000
212418.0000
212423.0000
212407.0000
212427.0000
212452.0000
212420.0000
212413.0000
212485.0000
212436.0000
212459.0000
212395.0000
212459.0000
212386.0000
212490.0000
212398.0000
212473.0000
212469.0000
212399.0000
212443.0000
212447.0000
212462.0000
212400.0000
212395.0000
212383.0000
212429.0000
212356.0000
212476.0000
212425.0000
212454.0000
212418.0000
212400.0000
212391.0000
212413.0000
212406.0000
212348.0000
212425.0000
212423.0000
212443.0000
212385.0000
212391.0000
212433.0000
212475.0000
212417.0000
212412.0000
212424.0000
212404.0000
212436.0000
212428.0000
212472.0000
212413.0000
212450.0000
212447.0000
212391.0000
212455.0000
212428.0000
212382.0000
212434.0000
212432.0000
212401.0000
212395.0000
212373.0000
212423.0000
212479.0000
212437.0000
212437.0000
212435.0000
212418.0000
212463.0000
212381.0000
212354.0000
212387.0000
212427.0000
212386.0000
212428.0000
212389.0000
212426.0000
212451.0000
212392.0000
212450.0000
212380.0000
212471.0000
212389.0000
212423.0000
212367.0000
212356.0000
212367.0000
212398.0000
212410.0000
212415.0000
212414.0000
212370.0000
212328.0000
212397.0000
212365.0000
212422.0000
212369.0000
212386.0000
212387.0000
212384.0000
212351.0000
212379.0000
212381.0000
212377.0000
212414.0000
212343.0000
212386.0000
212410.0000
212379.0000
212392.0000
212430.0000
212339.0000
212380.0000
212385.0000
212363.0000
212449.0000
212415.0000
212395.0000
212452.0000
212437.0000
212401.0000
212380.0000
212448.0000
212358.0000
212362.0000
212425.0000
212363.0000
212430.0000
212415.0000
212385.0000
212420.0000
212436.0000
212396.0000
212380.0000
212406.0000
212414.0000
212384.0000
212375.0000
212381.0000
212362.0000
212386.0000
212378.0000
212408.0000
212344.0000
212392.0000
212439.0000
212421.0000
212434.0000
212331.0000
212412.0000
212412.0000
212402.0000
212420.0000
212383.0000
212367.0000
212399.0000
212391.0000
212376.0000
212399.0000
212397.0000
212358.0000
16777215.0000
212444.0000
212411.0000
212389.0000
