214113.0000
214063.0000
214108.0000
214028.0000
213998.0000
213984.0000
214064.0000
214061.0000
214041.0000
214046.0000
214036.0000
214065.0000
214086.0000
214135.0000
214153.0000
214084.0000
214039.0000
214068.0000
214050.0000
214023.0000
214151.0000
214043.0000
214152.0000
214136.0000
214062.0000
214113.0000
214037.0000
213987.0000
214067.0000
214005.0000
214119.0000
214129.0000
214257.0000
214069.0000
214113.0000
214006.0000
214188.0000
214148.0000
214100.0000
214116.0000
214028.0000
214082.0000
214056.0000
214053.0000
214125.0000
214033.0000
214018.0000
214189.0000
214050.0000
214101.0000
214076.0000
214093.0000
214075.0000
214132.0000
214167.0000
214096.0000
214083.0000
214133.0000
214109.0000
214197.0000
214112.0000
214081.0000
214056.0000
214034.0000
214135.0000
214060.0000
214127.0000
214075.0000
214087.0000
214022.0000
214148.0000
214028.0000
214123.0000
214038.0000
214129.0000
214007.0000
214090.0000
214130.0000
214125.0000
214131.0000
214016.0000
214075.0000
214044.0000
214087.0000
214147.0000
214085.0000
214081.0000
214151.0000
214063.0000
214076.0000
214071.0000
214077.0000
214047.0000
214181.0000
214024.0000
214148.0000
214150.0000
214096.0000
214032.0000
214009.0000
214076.0000
214125.0000
214041.0000
214049.0000
214102.0000
214000.0000
214006.0000
213978.0000
214061.0000
214064.0000
214066.0000
214093.0000
214081.0000
214054.0000
214008.0000
214084.0000
214171.0000
214089.0000
214072.0000
214238.0000
214096.0000
214027.0000
214039.0000
214056.0000
214049.0000
214131.0000
214050.0000
214052.0000
214061.0000
214089.0000
214025.0000
214146.0000
214072.0000
214089.0000
214144.0000
214056.0000
214087.0000
214046.0000
214019.0000
214094.0000
214234.0000
214095.0000
214096.0000
214002.0000
214031.0000
214152.0000
214111.0000
214089.0000
214033.0000
214024.0000
214055.0000
214043.0000
214059.0000
214021.0000
214037.0000
214155.0000
214083.0000
214088.0000
214121.0000
214113.0000
214052.0000
214108.0000
214047.0000
214072.0000
213979.0000
214041.0000
214175.0000
214009.0000
214149.0000
214048.0000
214059.0000
214092.0000
214067.0000
213974.0000
214091.0000
214020.0000
214102.0000
214112.0000
214052.0000
214054.0000
214066.0000
214032.0000
214083.0000
214069.0000
214096.0000
214053.0000
214094.0000
214126.0000
214136.0000
214094.0000
214044.0000
214075.0000
214087.0000
214080.0000
214105.0000
214058.0000
214062.0000
214041.0000
214041.0000
214117.0000
214064.0000
214073.0000
214095.0000
214062.0000
213996.0000
213943.0000
214001.0000
214138.0000
214097.0000
214078.0000
214014.0000
214021.0000
214008.0000
214072.0000
214015.0000
214054.0000
214003.0000
214125.0000
214019.0000
214048.0000
214044.0000
214081.0000
214050.0000
214146.0000
214038.0000
214055.0000
214046.0000
214098.0000
214007.0000
214032.0000
214020.0000
214088.0000
214065.0000
214078.0000
214067.0000
214027.0000
214054.0000
214042.0000
214051.0000
213986.0000
214027.0000
214062.0000
214086.0000
213982.0000
213942.0000
214053.0000
214081.0000
214151.0000
214026.0000
214080.0000
214099.0000
213996.0000
214085.0000
214108.0000
214013.0000
214048.0000
214098.0000
214050.0000
214033.0000
214126.0000
213998.0000
214010.0000
214015.0000
214009.0000
214065.0000
214069.0000
213948.0000
214078.0000
214087.0000
214012.0000
214078.0000
214036.0000
213977.0000
214072.0000
214023.0000
214045.0000
213974.0000
214116.0000
214104.0000
214077.0000
214043.0000
213950.0000
214047.0000
214034.0000
214043.0000
214126.0000
214069.0000
214108.0000
214015.0000
213960.0000
214019.0000
214029.0000
214100.0000
214026.0000
214037.0000
213987.0000
214103.0000
214063.0000
214044.0000
214123.0000
214055.0000
214131.0000
214052.0000
214080.0000
214013.0000
214033.0000
214042.0000
214075.0000
214040.0000
214084.0000
213992.0000
214054.0000
214064.0000
214058.0000
214140.0000
214024.0000
213986.0000
214000.0000
214054.0000
214078.0000
213967.0000
213916.0000
214141.0000
214045.0000
214106.0000
214009.0000
214019.0000
214038.0000
214116.0000
213948.0000
214076.0000
214002.0000
214059.0000
214002.0000
214057.0000
214085.0000
16777215.0000
214015.0000
214022.0000
213984.0000
214009.0000
214095.0000
214066.0000
214031.0000
214220.0000
213969.0000
214104.0000
214072.0000
214103.0000
214015.0000
214012.0000
214086.0000
214112.0000
214017.0000
214074.0000
214091.0000
214100.0000
214022.0000
213995.0000
214001.0000
214027.0000
214077.0000
213984.0000
214001.0000
214069.0000
214115.0000
213991.0000
214049.0000
214001.0000
214063.0000
214021.0000
214006.0000
214077.0000
214092.0000
214080.0000
214029.0000
214037.0000
213974.0000
214085.0000
214096.0000
214035.0000
213973.0000
214173.0000
213998.0000
214014.0000
214025.0000
214029.0000
214007.0000
214018.0000
214038.0000
214020.0000
214074.0000
214032.0000
214123.0000
214034.0000
214007.0000
214012.0000
214041.0000
214001.0000
214028.0000
214012.0000
214082.0000
214127.0000
214070.0000
214140.0000
213982.0000
214043.0000
214142.0000
214128.0000
213993.0000
214069.0000
214009.0000
213975.0000
213965.0000
214004.0000
213963.0000
214089.0000
214059.0000
16777215.0000
214042.0000
214116.0000
214055.0000
214072.0000
214015.0000
213960.0000
214008.0000
214046.0000
16777215.0000
214021.0000
214036.0000
214058.0000
214003.0000
214040.0000
214126.0000
213991.0000
214103.0000
214050.0000
214000.0000
214027.0000
214087.0000
214004.0000
213967.0000
214135.0000
214002.0000
214094.0000
214166.0000
214038.0000
214046.0000
213989.0000
214087.0000
214015.0000
214004.0000
214050.0000
214038.0000
213996.0000
214026.0000
214011.0000
214021.0000
214038.0000
213967.0000
214084.0000
214123.0000
214006.0000
214003.0000
214065.0000
214023.0000
214006.0000
214034.0000
214040.0000
214057.0000
214044.0000
214028.0000
214021.0000
214029.0000
213973.0000
214009.0000
214040.0000
213950.0000
214034.0000
214063.0000
214102.0000
213946.0000
214067.0000
214053.0000
214035.0000
213950.0000
213972.0000
214050.0000
214007.0000
214054.0000
213993.0000
214028.0000
214053.0000
214050.0000
213958.0000
214094.0000
213995.0000
214010.0000
214036.0000
213995.0000
