211933.7000
211943.1000
211939.7000
211929.0000
211902.6000
211916.2000
211943.3000
211902.7000
211931.1000
211919.7000
211950.9000
211911.1000
211904.8000
211936.6000
211943.2000
1868428.5000
211914.8000
211908.0000
211927.0000
211940.3000
211925.0000
211925.7000
211987.0000
211950.1000
211988.5000
212132.0000
212150.5000
212273.8000
1868825.4000
212399.4000
212533.0000
212720.3000
212797.4000
212952.3000
213325.6000
213612.7000
213437.4000
213535.6000
213635.0000
214324.8000
214787.0000
215296.7000
215442.5000
215981.1000
216129.6000
1872602.0000
217006.2000
217326.3000
217643.1000
217828.2000
217752.2000
217814.3000
217876.4000
217831.0000
217574.5000
217300.3000
217090.7000
216777.1000
216414.6000
216101.9000
215744.4000
215347.6000
214876.9000
214600.6000
214275.2000
214021.3000
213759.0000
213496.6000
213345.7000
213094.4000
212900.7000
212715.8000
212704.9000
212544.0000
212464.7000
212354.1000
212316.4000
212163.6000
212153.6000
212107.7000
212100.5000
212036.8000
212026.0000
212007.1000
212017.1000
211981.6000
211999.5000
212002.5000
211999.4000
211976.7000
211999.7000
211989.1000
211966.7000
211993.7000
211917.1000
211918.3000
211943.5000
211965.7000
211937.5000
1868465.7000
