211803.4000
211819.1000
211822.8000
211801.3000
211815.1000
211828.8000
211812.5000
211812.7000
211833.1000
211823.4000
211855.8000
211847.8000
211809.4000
211839.3000
211828.3000
211809.5000
211837.6000
211854.8000
211870.9000
211836.3000
211827.0000
211846.4000
211887.1000
211880.3000
1868371.4000
211853.8000
211872.9000
211885.4000
211918.8000
211941.8000
211925.9000
211932.2000
211958.4000
211947.3000
211999.4000
212048.8000
212032.5000
212058.5000
212120.3000
212111.3000
212170.7000
212263.2000
212249.9000
212232.8000
212289.7000
212433.5000
212384.8000
212635.8000
212586.6000
212658.1000
212820.4000
213051.8000
213084.7000
213132.0000
213140.7000
213336.6000
213274.2000
213569.0000
213679.0000
213798.8000
213936.6000
213972.3000
214139.9000
214278.2000
214314.1000
214372.8000
214568.3000
214580.5000
214759.7000
214888.6000
214896.8000
214963.7000
215082.6000
215011.8000
215132.7000
215043.8000
215124.0000
215153.9000
215089.1000
215025.9000
214860.5000
214795.8000
1819267.5000
214628.4000
214569.4000
214584.5000
214270.1000
214095.4000
214087.2000
213999.7000
213846.6000
213734.5000
213785.1000
1869876.8000
213526.1000
213412.6000
213279.6000
1869613.8000
213026.8000
212993.9000
212851.5000
212835.9000
212719.1000
212645.8000
212581.5000
212504.5000
212527.0000
212321.6000
212337.0000
212283.6000
212181.5000
212186.6000
212181.9000
212133.9000
212132.5000
212106.1000
212096.8000
212075.6000
212056.7000
212032.1000
212011.0000
212022.1000
212028.3000
211988.0000
212007.4000
211992.6000
211985.1000
212012.2000
211990.7000
211999.7000
211967.4000
211983.8000
211962.2000
212016.7000
211998.4000
211982.1000
211997.7000
212002.5000
211993.0000
211959.4000
