212284.1000
212289.6000
212300.0000
212284.0000
212295.6000
212302.4000
212297.6000
212300.3000
212291.7000
212283.4000
212289.4000
212272.0000
212284.5000
212306.0000
212300.2000
212293.8000
212287.2000
212261.0000
212266.9000
212280.3000
212229.7000
212266.9000
212203.4000
212215.4000
212249.5000
212265.2000
212526.6000
212779.6000
212664.5000
212974.2000
214301.6000
214659.9000
215510.1000
216849.5000
217938.2000
219169.4000
219522.7000
219721.0000
219976.3000
220036.3000
220121.8000
220052.9000
1875792.8000
220069.5000
220050.4000
220075.8000
220072.1000
220127.7000
220084.2000
220080.2000
220126.5000
220059.3000
220114.4000
220121.6000
220062.6000
220112.5000
220089.6000
219974.9000
219900.8000
219925.8000
219834.3000
219649.9000
219572.2000
219278.9000
1874683.4000
218348.3000
217563.1000
216534.0000
215521.6000
214533.6000
213557.9000
213076.4000
212797.8000
212561.0000
212488.7000
212445.9000
212471.7000
212439.2000
212452.0000
212433.8000
212437.5000
212484.0000
212439.0000
212451.7000
212502.3000
212462.9000
212458.4000
212449.6000
212458.5000
212450.1000
212427.9000
212431.0000
212423.7000
212417.2000
212418.4000
212389.8000
212397.8000
212408.4000
212401.3000
1868880.8000
