211792.6000
211818.1000
211803.2000
211815.7000
211815.8000
211800.9000
211826.5000
211818.7000
211812.6000
211824.6000
211822.4000
1868375.9000
211841.0000
211860.6000
1868326.4000
211798.5000
211794.2000
211810.3000
211843.5000
211816.0000
211788.1000
211815.4000
211823.0000
211826.1000
211804.8000
211852.9000
211821.2000
211825.2000
211811.9000
211789.8000
211824.8000
211837.7000
211902.2000
211867.7000
211930.0000
211953.7000
212018.4000
212063.7000
212119.9000
212173.9000
212179.0000
212234.8000
212232.1000
212354.3000
212320.6000
212481.1000
212431.7000
212546.9000
212725.1000
3525631.4000
213073.5000
212975.3000
213262.5000
213275.5000
213550.6000
213692.5000
213542.5000
1818606.2000
1870306.8000
214172.0000
214388.2000
214579.4000
214722.6000
214946.5000
215350.4000
215476.8000
215521.3000
215879.9000
215924.2000
216044.3000
215992.4000
216178.0000
216137.1000
216235.6000
216099.1000
215822.1000
215911.1000
215836.4000
215680.8000
215571.1000
215355.9000
215256.3000
214988.8000
214620.9000
214530.0000
214314.1000
214196.3000
213979.0000
213798.4000
213686.1000
213493.2000
213290.4000
213226.4000
213137.2000
213012.8000
212961.7000
212765.9000
212591.4000
212472.7000
212394.0000
212407.7000
212255.9000
212186.3000
212136.0000
212143.3000
212040.3000
212039.6000
212035.0000
211986.0000
211949.9000
211919.1000
211930.7000
211895.6000
211865.4000
211886.2000
211873.1000
211882.3000
211862.2000
211847.6000
211832.5000
