1865786.7000
212551.3000
212592.1000
212555.8000
212560.1000
212565.5000
212553.4000
212562.9000
212569.3000
212605.0000
212576.9000
212605.3000
212633.9000
212607.3000
212626.0000
212623.5000
212587.6000
212598.3000
212622.6000
212653.8000
212618.4000
212629.9000
212612.3000
212607.8000
212569.2000
212623.0000
212601.9000
212582.4000
212588.2000
212658.7000
212623.7000
212587.7000
212640.7000
212639.5000
212754.8000
212729.3000
212657.7000
213002.6000
213234.9000
214364.4000
215769.4000
217524.9000
219314.4000
219650.7000
220168.0000
220337.9000
220406.0000
220490.4000
220479.4000
220460.9000
220474.7000
220491.0000
220406.0000
220471.4000
220507.1000
220469.7000
220463.0000
220533.5000
220457.5000
220377.9000
220361.1000
220303.3000
220161.9000
220100.1000
219850.0000
219565.3000
218939.2000
218077.1000
216843.7000
215627.0000
214300.4000
213690.8000
213028.6000
212843.9000
212702.7000
212701.2000
212723.6000
212721.3000
212707.7000
212687.8000
212661.4000
212685.2000
212690.0000
212645.3000
212646.6000
212657.2000
212660.7000
212653.0000
212633.7000
212611.9000
212642.2000
212615.9000
212609.6000
212622.0000
212607.4000
212582.8000
212587.5000
212590.2000
212588.2000
212574.5000
