1868658.0000
212183.0000
212179.8000
212197.0000
212195.4000
212183.4000
212193.9000
212170.1000
212138.5000
212187.0000
212174.8000
212178.6000
212184.1000
212231.3000
212223.5000
212194.5000
212189.4000
212149.5000
212167.2000
212151.2000
212146.1000
212146.5000
212127.0000
1868633.9000
212119.5000
212151.2000
212158.4000
212205.6000
212265.6000
212234.2000
212397.5000
212482.6000
212652.8000
212883.6000
213078.2000
213330.5000
213747.7000
214011.2000
214844.2000
215467.8000
215832.9000
216613.8000
217547.3000
217989.5000
218375.1000
218871.3000
218909.9000
219292.8000
219514.9000
219682.3000
219832.9000
219919.7000
219900.6000
219957.8000
219889.5000
219961.0000
219932.3000
219838.1000
219715.1000
219617.0000
219397.8000
219080.0000
218565.5000
217949.1000
217377.5000
216781.8000
216108.2000
215538.0000
214938.7000
214489.2000
214098.1000
213693.1000
213250.1000
1869508.2000
212930.1000
212807.0000
212572.0000
1868554.0000
212461.9000
212426.7000
212392.2000
212357.0000
212328.1000
212356.7000
212341.8000
212331.8000
212315.5000
212335.6000
212314.9000
212320.0000
212309.7000
212283.1000
212289.2000
212331.1000
212327.9000
212293.2000
212287.2000
212293.5000
212306.0000
212296.7000
