212613.8000
212616.9000
1869064.0000
212629.9000
212630.4000
212640.6000
1869089.1000
212651.5000
212639.5000
212625.9000
212646.5000
212641.8000
212626.9000
1869067.9000
212654.7000
212644.0000
212647.6000
212659.4000
212616.8000
212636.4000
212668.8000
212655.1000
212651.6000
212646.1000
212655.1000
212647.4000
212642.4000
212630.0000
212621.2000
212617.6000
212614.2000
212629.5000
212587.3000
212601.3000
212596.4000
212609.2000
212645.4000
212636.2000
212637.4000
212617.6000
212590.6000
212639.2000
212571.4000
212647.5000
213196.2000
214774.7000
216694.2000
218603.5000
219862.7000
220285.4000
220434.6000
220487.8000
220390.4000
220519.6000
220488.6000
220532.4000
220584.3000
220544.5000
220502.7000
220435.9000
220394.8000
220250.3000
219874.2000
219346.4000
218472.3000
217294.7000
215460.1000
214013.6000
212997.8000
212760.2000
212716.1000
212719.9000
212700.8000
212680.9000
212708.8000
212704.6000
212714.9000
212691.2000
212700.3000
212691.2000
212687.5000
212706.2000
212685.0000
212676.8000
212689.7000
212656.8000
212673.6000
212632.1000
212617.8000
212644.0000
212662.3000
212642.8000
212621.0000
212601.8000
212640.9000
212624.8000
212605.0000
212618.7000
212635.7000
212615.1000
