212100.1000
212093.3000
212103.2000
212074.8000
212094.1000
212085.7000
212103.2000
212104.9000
212103.5000
212109.6000
212126.4000
212100.2000
212071.5000
212055.2000
212095.8000
212071.3000
212064.5000
212042.2000
212110.0000
212104.7000
212115.2000
212123.2000
212122.8000
212167.7000
212198.2000
212217.4000
212302.7000
212389.3000
1868939.0000
212446.6000
212608.3000
212705.9000
212734.1000
213062.4000
213059.9000
213324.2000
213876.3000
214194.7000
1870485.2000
214598.4000
215048.9000
215301.4000
216278.4000
216561.3000
216732.5000
217369.1000
217748.9000
218030.6000
218491.5000
218825.2000
218967.0000
219238.4000
219330.0000
219406.0000
219364.8000
219314.3000
219277.1000
219038.0000
218829.0000
218598.3000
218179.1000
217763.8000
217425.6000
216988.2000
216465.6000
216100.3000
215623.7000
215272.6000
214847.2000
214361.1000
214095.2000
213860.4000
213682.4000
213501.1000
213286.4000
213077.8000
212890.0000
212793.3000
212658.4000
212571.4000
212473.5000
212358.4000
212340.7000
212298.9000
212290.7000
212246.7000
212259.7000
212260.5000
212238.8000
212247.3000
212236.6000
212268.4000
212267.1000
212240.0000
212248.3000
212223.6000
212234.7000
212233.0000
212207.5000
212228.1000
