212356.1000
212361.0000
212362.1000
212374.3000
212359.8000
212375.0000
212374.6000
212371.7000
212384.2000
212369.6000
212356.1000
212374.5000
212347.2000
212368.3000
212332.9000
212344.5000
212300.2000
212380.4000
212336.0000
212346.9000
212333.5000
212367.7000
212375.5000
1868873.0000
212411.2000
212411.3000
212397.0000
212424.8000
212400.3000
212441.8000
212397.2000
212420.8000
212433.0000
212412.2000
212377.3000
212412.9000
212416.3000
212395.6000
212424.1000
212432.4000
212427.9000
212455.4000
212468.0000
213643.3000
216240.3000
218732.9000
219689.7000
220049.7000
220150.2000
220230.6000
220237.0000
220244.1000
220206.3000
220208.0000
220252.9000
220327.7000
220346.5000
220360.1000
220388.2000
220378.0000
220365.7000
220436.3000
220438.1000
220429.4000
220466.4000
220456.7000
220427.6000
220441.1000
220414.1000
220464.8000
220420.5000
220413.0000
220418.2000
220397.9000
220421.6000
220395.1000
220386.9000
220266.9000
220129.0000
220036.3000
220107.6000
220043.7000
220122.4000
220190.8000
220256.0000
220196.7000
220275.7000
220112.8000
219692.0000
218171.0000
215655.1000
1869528.7000
212695.5000
212697.6000
212676.8000
212712.3000
212673.6000
212700.9000
212672.9000
212698.5000
