211654.4000
211648.3000
211656.7000
211663.1000
211663.8000
211657.1000
211656.6000
211673.0000
211682.0000
211669.5000
211670.6000
211682.0000
211699.7000
211672.3000
211669.5000
211674.7000
211719.8000
211696.8000
211696.5000
211714.5000
211695.0000
211695.7000
211701.0000
211677.6000
211738.2000
211671.4000
211702.3000
211690.8000
211720.7000
211741.4000
211739.5000
211751.3000
211749.5000
211753.0000
211792.6000
211787.9000
211810.4000
211873.8000
211817.6000
211905.3000
211888.3000
211910.6000
211981.2000
211941.7000
212036.4000
211992.7000
211982.7000
211996.1000
212159.8000
212386.9000
212407.9000
212437.2000
212532.0000
212517.0000
212530.2000
212727.8000
212860.8000
212961.4000
213148.9000
213226.4000
213149.6000
213371.5000
213628.3000
213743.3000
213893.0000
213884.9000
213856.9000
1870412.7000
214293.8000
214455.1000
214480.5000
214704.0000
214740.6000
214788.3000
214944.2000
214907.4000
215058.7000
215085.1000
215191.5000
214981.6000
215105.4000
1871358.5000
215161.2000
215057.0000
214938.6000
214930.2000
214759.7000
214698.7000
214697.0000
214505.6000
214440.0000
214282.8000
214016.0000
213829.7000
213861.1000
213671.8000
213510.1000
213448.4000
213371.7000
213209.1000
213158.7000
212933.9000
212929.1000
212855.5000
212818.6000
212674.3000
212656.6000
212589.0000
212447.3000
212405.3000
212367.4000
212318.0000
212229.5000
212208.8000
212166.4000
212140.2000
212095.6000
212070.3000
212036.9000
212031.9000
212002.8000
212030.6000
212004.6000
211995.7000
211973.1000
211995.8000
211990.7000
211945.5000
211965.4000
211965.5000
211979.7000
211979.7000
211990.0000
211944.4000
211961.2000
211922.9000
211950.2000
211929.9000
211939.4000
211953.5000
