212130.3000
212130.2000
212112.5000
212099.3000
212112.3000
212107.4000
212161.6000
212148.5000
212136.7000
212123.7000
212136.2000
212115.5000
212138.4000
212128.1000
212146.4000
212109.9000
212095.5000
212127.6000
212150.8000
212137.9000
1868619.5000
212115.5000
212126.8000
212144.7000
212184.8000
1868712.7000
212188.7000
212236.0000
212243.6000
212422.3000
212362.0000
212497.1000
212643.2000
212759.7000
213204.9000
213194.5000
213548.5000
214053.5000
214534.6000
214863.3000
215391.9000
215845.0000
216419.3000
216963.3000
217557.5000
217937.7000
218188.5000
218624.4000
218843.7000
219058.7000
219255.2000
219458.7000
219607.6000
219852.1000
219955.1000
219940.5000
220015.9000
219977.6000
219986.6000
220018.8000
219965.6000
219966.7000
219908.2000
219804.3000
219746.1000
219615.9000
219407.0000
219121.2000
218829.1000
218396.3000
217920.2000
217525.1000
216978.7000
216476.6000
215884.2000
215447.3000
214944.2000
214606.2000
214331.3000
213840.5000
213594.7000
213294.0000
213096.3000
213033.3000
212850.6000
212698.5000
212609.4000
212565.5000
212544.7000
212499.9000
212497.7000
212465.4000
212482.5000
1868925.3000
212439.9000
212420.6000
212426.0000
212446.4000
212453.4000
212423.7000
