1868351.3000
211827.8000
211818.3000
211839.0000
211825.1000
211819.0000
211826.1000
211835.3000
211815.3000
211846.8000
211861.2000
211846.6000
211856.8000
211847.2000
211854.3000
211872.4000
211848.3000
211852.6000
211842.1000
211841.3000
211845.3000
211850.5000
211865.9000
211862.4000
211888.6000
211884.1000
211904.8000
211966.8000
211929.4000
211948.5000
212037.9000
211995.1000
212019.4000
212141.4000
1868632.7000
212113.8000
212258.9000
212441.9000
212336.6000
212447.8000
212717.6000
212809.9000
212953.1000
213111.8000
213251.3000
213706.2000
213816.1000
214072.5000
213975.8000
1870566.9000
214444.4000
214726.3000
215126.6000
215454.2000
215788.9000
215814.0000
216100.3000
216118.1000
216147.7000
216169.3000
216267.0000
216182.0000
1872209.1000
215962.6000
215810.0000
215688.9000
215477.0000
215003.6000
214836.8000
214611.8000
214340.4000
214168.4000
214082.3000
213896.4000
213622.3000
213460.3000
213226.4000
212981.5000
212883.8000
212734.1000
212622.1000
212442.7000
212370.1000
212308.1000
212126.0000
212125.9000
212102.8000
212052.3000
212000.2000
211989.0000
211944.4000
211929.9000
211856.7000
211859.3000
211845.7000
211848.1000
211829.6000
211823.5000
211821.0000
211822.3000
211823.7000
211830.1000
211782.4000
211812.5000
211810.6000
211790.0000
211784.7000
211761.8000
211788.8000
211812.5000
211759.1000
211784.8000
211749.9000
211740.8000
211745.4000
211738.3000
211765.9000
211713.5000
211727.1000
211700.3000
